2358546
[13810, 389, 24, 0, 0, 1]
4611076
[27923, 709, 35, 0, 0, 1]
14705418
[87633, 2386, 151, 0, 0, 1]
7470374
[44749, 1186, 53, 0, 0, 1]
547506
[3380, 89, 13, 0, 0, 1]
569222
[3344, 97, 7, 0, 0, 1]
3898904
[23113, 638, 31, 0, 0, 1]
551556
[3232, 105, 9, 0, 0, 1]
6364232
[38174, 1023, 50, 0, 0, 1]
133644
[876, 21, 2, 0, 0, 1]
2022480
[12228, 393, 19, 0, 0, 1]
2703350
[16039, 442, 27, 0, 0, 1]
2828212
[16746, 488, 18, 0, 0, 1]
6904194
[41129, 1077, 69, 0, 0, 1]
6858690
[40660, 1174, 89, 0, 0, 1]
1073592
[6593, 144, 13, 0, 0, 1]
1488592
[8781, 220, 19, 0, 0, 1]
588746
[3648, 91, 1, 0, 0, 1]
380440
[2228, 50, 5, 0, 0, 1]
3112248
[18845, 553, 33, 0, 0, 1]
165800
[915, 36, 3, 0, 0, 1]
5654044
[33996, 950, 62, 0, 0, 1]
8591758
[51569, 1460, 76, 0, 0, 1]
7329538
[43466, 1145, 64, 0, 0, 1]
7462256
[44591, 1225, 74, 0, 0, 1]
6115382
[36546, 981, 65, 0, 0, 1]
1892314
[11459, 288, 18, 0, 0, 1]
13206120
[79524, 2228, 150, 0, 0, 1]
185542
[1149, 37, 0, 0, 0, 1]
6140530
[36579, 1012, 55, 0, 0, 1]
